% -------------------------------------------------------------------
%  Generated by MATLAB on 20-Oct-2023 07:30:58
%  MATLAB version: 9.14.0.2337262 (R2023a) Update 5
% -------------------------------------------------------------------
                                

A = ...
  [1 1 1;
   1 2 2;
   1 2 3];

B = [5; 6; 8];

Lower = ...
  [1 0 0;
   1 1 0;
   1 1 1];

Upper = ...
  [1 1 1;
   0 1 1;
   0 0 1];

Y = [5; 1; 2];

col = 1;

i = 3;

j = 3;

k = 3;

matrixSize = 3;

row = 1;

temp = 1;

x = [4; -1; 2];

