% -------------------------------------------------------------------
%  Generated by MATLAB on 11-Dec-2023 08:16:29
%  MATLAB version: 9.13.0.2126072 (R2022b) Update 3
% -------------------------------------------------------------------
                                      

A = ...
  [8 5 -6;
   -12 -9 12;
   -3 -3 5];

B = 267;

C = 89;

a = [-0.3015000000000001; 0.90449999999999919; 0.30149999999999988];

b = [-0.30151134457775886; 0.90453403373328278; 0.30151134457776019];

c = [-0.3015; 0.9045; 0.3015];

d = [-2.1212999999999997; 2.1212999999999997; 0];

dv = ...
  [-0.99999999999999423 0 0;
   0 2.9999999999999925 0;
   0 0 2.0000000000000004];

e = [-2.1213203435596446; 2.1213203435596397; -4.5083071673263751E-15];

ev = ...
  [0.30151134457776368 -0.70710678118654868 0.70710678118654724;
   -0.90453403373329067 0.70710678118654624 1.5526269281608133E-15;
   -0.30151134457776413 -2.3227469049854754E-15 0.70710678118654768];

ev1 = [0.3015; -0.9045; -0.3015];

ev2 = [-0.7071; 0.7071; 0];

ev3 = [0.7071; 0; 0.7071];

f = [-2.1212999999999997; 2.1212999999999997; 0];

g = [1.4142000000000001; 0; 1.4142000000000001];

h = [1.4142135623731003; -1.0658141036401503E-14; 1.4142135623730923];

i = [1.4142; 0; 1.4142];

