% -------------------------------------------------------------------
%  Generated by MATLAB on 11-Dec-2023 08:02:58
%  MATLAB version: 9.13.0.2126072 (R2022b) Update 3
% -------------------------------------------------------------------
                                      

A = 83;

B = 267;

C = 89;

