% -------------------------------------------------------------------
%  Generated by MATLAB on 6-Nov-2023 07:50:37
%  MATLAB version: 9.13.0.2126072 (R2022b) Update 3
% -------------------------------------------------------------------
                                      

A = ...
  [-5 -1 4;
   4 0 -3;
   2 -2 6];

ans = 28;

